6

5
6 6 6
1 1 1
1 1 1
6 6 6
3 3 3

10
3 3 3
4 4 4
3 3 3
2 2 2
18 18 18
17 17 17
20 20 20
20 20 20
14 14 14
7 7 7

25
22 38 13
31 2 42
25 46 34
10 26 32
1 3 34
41 43 46
24 46 22
9 16 3
41 25 12
21 26 22
10 38 25
41 33 19
5 17 26
21 34 8
23 40 33
19 12 20
11 29 13
33 12 29
19 41 10
10 13 31
19 17 27
31 32 42
25 10 29
20 36 43
18 11 25

50
26 49 91
26 73 94
100 98 37
48 90 29
20 38 47
25 19 15
19 8 89
20 22 76
100 36 65
29 74 93
47 96 20
45 30 87
29 35 31
74 28 76
58 74 84
33 83 37
19 36 71
98 66 41
1 30 99
39 98 61
52 35 42
13 58 5
1 14 53
43 48 88
3 16 7
37 93 41
80 75 91
100 32 69
83 42 82
76 58 45
75 22 71
59 5 64
6 71 63
39 32 77
1 26 29
80 91 27
91 25 44
24 6 14
91 54 25
13 98 30
84 5 8
77 18 16
18 70 70
24 69 38
21 13 49
18 14 91
72 8 61
99 96 26
14 28 17
90 12 86

75
30 99 97
55 60 38
26 34 74
72 35 53
98 31 88
27 35 17
63 50 52
84 4 44
51 31 63
95 59 20
59 57 37
36 44 73
9 33 96
42 62 6
88 70 23
36 39 71
100 13 65
52 20 79
21 63 68
10 29 98
13 88 51
69 63 60
55 25 26
29 68 39
78 32 46
77 30 33
53 44 58
95 20 46
66 65 24
72 21 26
50 3 33
50 52 55
89 89 75
73 31 48
65 21 3
78 11 58
95 14 10
92 40 17
73 17 48
57 31 90
44 18 56
11 66 88
9 24 81
28 85 31
57 19 7
74 32 5
7 83 53
98 57 91
53 38 68
70 49 82
100 6 55
26 25 22
26 7 25
45 85 4
61 36 82
61 82 84
9 18 3
3 57 36
94 27 43
65 99 81
54 13 61
19 92 41
100 100 32
32 97 28
48 24 99
68 35 50
63 87 31
49 13 52
1 55 46
71 61 16
23 57 61
54 86 59
5 48 80
88 50 84
50 89 47

100
7 51 43
14 8 70
32 7 65
44 97 85
52 8 83
19 9 97
88 28 94
34 56 53
70 92 97
36 39 91
39 98 100
8 43 11
88 91 47
53 22 55
92 36 31
28 79 8
50 57 68
75 4 20
7 29 39
9 77 85
35 29 86
39 15 41
57 13 47
91 85 24
28 14 78
100 79 54
14 14 5
9 31 88
53 89 59
59 43 76
82 40 36
1 67 47
51 66 40
81 84 86
32 69 85
44 68 31
23 5 26
42 54 93
93 88 53
78 4 62
26 30 7
8 82 51
19 5 58
13 49 28
22 77 81
92 11 10
36 12 36
6 69 38
48 18 62
44 100 41
24 50 80
4 45 91
80 67 66
60 57 59
90 79 75
51 21 64
16 60 46
13 71 24
68 4 93
14 67 87
52 27 46
13 13 61
42 75 53
48 68 2
58 7 49
79 70 4
9 96 51
19 76 93
43 42 37
27 15 95
80 82 40
62 46 15
49 57 52
18 83 14
98 61 54
91 87 45
57 83 81
32 93 32
51 47 9
29 74 14
63 44 47
58 7 47
67 78 61
53 55 63
88 7 51
51 31 66
26 47 19
18 42 29
81 53 52
27 96 43
69 89 56
56 91 37
92 18 4
47 60 22
89 80 1
34 77 52
19 91 11
38 45 26
23 45 19
9 60 64
